   31.000000       1.09375000    
   30.000000       1.07812500    
   29.000000       1.04678500   
   28.000000       1.04678500   
   27.000000       1.01937500   
   26.000000       1.01937500    
   25.000000       1.00000000    
   24.000000       1.00000000   
   23.000000       1.00000000    
   22.000000       1.00000000    
   21.000000       1.00000000
   20.000000       1.00000000
   19.000000      7.68750000E-02
   18.000000      6.25000000E-02
   17.000000      5.25000000E-02
   16.000000      4.25000000E-02     
   15.000000      3.56250000E-02
   14.000000      2.12500000E-02    
   13.000000      1.12500000E-02
   12.000000       0.00000000    
   11.000000       0.00000000    
   10.000000       0.00000000    
   9.0000000       0.00000000    
   8.0000000       0.00000000    
   7.0000000       0.00000000    
   6.0000000       0.00000000    
   5.0000000       0.00000000    
   4.0000000       0.00000000    
   3.0000000       0.00000000    
   2.0000000       0.00000000    
   1.0000000       0.00000000    
