
          -1          -1           1           1           1          -1          -1

          -1          -1           1           1           1          -1          -1

           1           1           1           1           1           1           1

           1           1           1           0           1           1           1

           1           1           1           1           1           1           1

          -1          -1           1           1           1          -1          -1

          -1          -1           1           1           1          -1          -1

 computational time=   1.4687500     Sec

 Solution Found


          -1          -1           0           0           0          -1          -1

          -1          -1           0           0           0          -1          -1

           0           0           0           0           0           0           0

           0           0           0           1           0           0           0

           0           0           0           0           0           0           0

          -1          -1           0           0           0          -1          -1

          -1          -1           0           0           0          -1          -1

 Coordinate is

           2           4

 Direction is

           3
          -1          -1           1           1           1          -1          -1
          -1          -1           1           0           1          -1          -1
           1           1           1           0           1           1           1
           1           1           1           1           1           1           1
           1           1           1           1           1           1           1
          -1          -1           1           1           1          -1          -1
          -1          -1           1           1           1          -1          -1

 Coordinate is

           3           2

 Direction is

           1
          -1          -1           1           1           1          -1          -1
          -1          -1           1           0           1          -1          -1
           1           0           0           1           1           1           1
           1           1           1           1           1           1           1
           1           1           1           1           1           1           1
          -1          -1           1           1           1          -1          -1
          -1          -1           1           1           1          -1          -1

 Coordinate is

           1           3

 Direction is

           3
          -1          -1           0           1           1          -1          -1
          -1          -1           0           0           1          -1          -1
           1           0           1           1           1           1           1
           1           1           1           1           1           1           1
           1           1           1           1           1           1           1
          -1          -1           1           1           1          -1          -1
          -1          -1           1           1           1          -1          -1

 Coordinate is

           1           5

 Direction is

           4
          -1          -1           1           0           0          -1          -1
          -1          -1           0           0           1          -1          -1
           1           0           1           1           1           1           1
           1           1           1           1           1           1           1
           1           1           1           1           1           1           1
          -1          -1           1           1           1          -1          -1
          -1          -1           1           1           1          -1          -1

 Coordinate is

           3           4

 Direction is

           4
          -1          -1           1           0           0          -1          -1
          -1          -1           0           0           1          -1          -1
           1           1           0           0           1           1           1
           1           1           1           1           1           1           1
           1           1           1           1           1           1           1
          -1          -1           1           1           1          -1          -1
          -1          -1           1           1           1          -1          -1

 Coordinate is

           3           1

 Direction is

           1
          -1          -1           1           0           0          -1          -1
          -1          -1           0           0           1          -1          -1
           0           0           1           0           1           1           1
           1           1           1           1           1           1           1
           1           1           1           1           1           1           1
          -1          -1           1           1           1          -1          -1
          -1          -1           1           1           1          -1          -1

 Coordinate is

           3           6

 Direction is

           4
          -1          -1           1           0           0          -1          -1
          -1          -1           0           0           1          -1          -1
           0           0           1           1           0           0           1
           1           1           1           1           1           1           1
           1           1           1           1           1           1           1
          -1          -1           1           1           1          -1          -1
          -1          -1           1           1           1          -1          -1

 Coordinate is

           3           3

 Direction is

           1
          -1          -1           1           0           0          -1          -1
          -1          -1           0           0           1          -1          -1
           0           0           0           0           1           0           1
           1           1           1           1           1           1           1
           1           1           1           1           1           1           1
          -1          -1           1           1           1          -1          -1
          -1          -1           1           1           1          -1          -1

 Coordinate is

           5           1

 Direction is

           2
          -1          -1           1           0           0          -1          -1
          -1          -1           0           0           1          -1          -1
           1           0           0           0           1           0           1
           0           1           1           1           1           1           1
           0           1           1           1           1           1           1
          -1          -1           1           1           1          -1          -1
          -1          -1           1           1           1          -1          -1

 Coordinate is

           5           2

 Direction is

           2
          -1          -1           1           0           0          -1          -1
          -1          -1           0           0           1          -1          -1
           1           1           0           0           1           0           1
           0           0           1           1           1           1           1
           0           0           1           1           1           1           1
          -1          -1           1           1           1          -1          -1
          -1          -1           1           1           1          -1          -1

 Coordinate is

           3           1

 Direction is

           1
          -1          -1           1           0           0          -1          -1
          -1          -1           0           0           1          -1          -1
           0           0           1           0           1           0           1
           0           0           1           1           1           1           1
           0           0           1           1           1           1           1
          -1          -1           1           1           1          -1          -1
          -1          -1           1           1           1          -1          -1

 Coordinate is

           4           3

 Direction is

           2
          -1          -1           1           0           0          -1          -1
          -1          -1           1           0           1          -1          -1
           0           0           0           0           1           0           1
           0           0           0           1           1           1           1
           0           0           1           1           1           1           1
          -1          -1           1           1           1          -1          -1
          -1          -1           1           1           1          -1          -1

 Coordinate is

           1           3

 Direction is

           3
          -1          -1           0           0           0          -1          -1
          -1          -1           0           0           1          -1          -1
           0           0           1           0           1           0           1
           0           0           0           1           1           1           1
           0           0           1           1           1           1           1
          -1          -1           1           1           1          -1          -1
          -1          -1           1           1           1          -1          -1

 Coordinate is

           4           5

 Direction is

           4
          -1          -1           0           0           0          -1          -1
          -1          -1           0           0           1          -1          -1
           0           0           1           0           1           0           1
           0           0           1           0           0           1           1
           0           0           1           1           1           1           1
          -1          -1           1           1           1          -1          -1
          -1          -1           1           1           1          -1          -1

 Coordinate is

           2           5

 Direction is

           3
          -1          -1           0           0           0          -1          -1
          -1          -1           0           0           0          -1          -1
           0           0           1           0           0           0           1
           0           0           1           0           1           1           1
           0           0           1           1           1           1           1
          -1          -1           1           1           1          -1          -1
          -1          -1           1           1           1          -1          -1

 Coordinate is

           5           4

 Direction is

           4
          -1          -1           0           0           0          -1          -1
          -1          -1           0           0           0          -1          -1
           0           0           1           0           0           0           1
           0           0           1           0           1           1           1
           0           1           0           0           1           1           1
          -1          -1           1           1           1          -1          -1
          -1          -1           1           1           1          -1          -1

 Coordinate is

           3           3

 Direction is

           3
          -1          -1           0           0           0          -1          -1
          -1          -1           0           0           0          -1          -1
           0           0           0           0           0           0           1
           0           0           0           0           1           1           1
           0           1           1           0           1           1           1
          -1          -1           1           1           1          -1          -1
          -1          -1           1           1           1          -1          -1

 Coordinate is

           5           2

 Direction is

           1
          -1          -1           0           0           0          -1          -1
          -1          -1           0           0           0          -1          -1
           0           0           0           0           0           0           1
           0           0           0           0           1           1           1
           0           0           0           1           1           1           1
          -1          -1           1           1           1          -1          -1
          -1          -1           1           1           1          -1          -1

 Coordinate is

           7           3

 Direction is

           2
          -1          -1           0           0           0          -1          -1
          -1          -1           0           0           0          -1          -1
           0           0           0           0           0           0           1
           0           0           0           0           1           1           1
           0           0           1           1           1           1           1
          -1          -1           0           1           1          -1          -1
          -1          -1           0           1           1          -1          -1

 Coordinate is

           5           4

 Direction is

           4
          -1          -1           0           0           0          -1          -1
          -1          -1           0           0           0          -1          -1
           0           0           0           0           0           0           1
           0           0           0           0           1           1           1
           0           1           0           0           1           1           1
          -1          -1           0           1           1          -1          -1
          -1          -1           0           1           1          -1          -1

 Coordinate is

           6           5

 Direction is

           4
          -1          -1           0           0           0          -1          -1
          -1          -1           0           0           0          -1          -1
           0           0           0           0           0           0           1
           0           0           0           0           1           1           1
           0           1           0           0           1           1           1
          -1          -1           1           0           0          -1          -1
          -1          -1           0           1           1          -1          -1

 Coordinate is

           4           5

 Direction is

           3
          -1          -1           0           0           0          -1          -1
          -1          -1           0           0           0          -1          -1
           0           0           0           0           0           0           1
           0           0           0           0           0           1           1
           0           1           0           0           0           1           1
          -1          -1           1           0           1          -1          -1
          -1          -1           0           1           1          -1          -1

 Coordinate is

           5           7

 Direction is

           4
          -1          -1           0           0           0          -1          -1
          -1          -1           0           0           0          -1          -1
           0           0           0           0           0           0           1
           0           0           0           0           0           1           1
           0           1           0           0           1           0           0
          -1          -1           1           0           1          -1          -1
          -1          -1           0           1           1          -1          -1

 Coordinate is

           3           7

 Direction is

           3
          -1          -1           0           0           0          -1          -1
          -1          -1           0           0           0          -1          -1
           0           0           0           0           0           0           0
           0           0           0           0           0           1           0
           0           1           0           0           1           0           1
          -1          -1           1           0           1          -1          -1
          -1          -1           0           1           1          -1          -1

 Coordinate is

           7           5

 Direction is

           4
          -1          -1           0           0           0          -1          -1
          -1          -1           0           0           0          -1          -1
           0           0           0           0           0           0           0
           0           0           0           0           0           1           0
           0           1           0           0           1           0           1
          -1          -1           1           0           1          -1          -1
          -1          -1           1           0           0          -1          -1

 Coordinate is

           7           3

 Direction is

           2
          -1          -1           0           0           0          -1          -1
          -1          -1           0           0           0          -1          -1
           0           0           0           0           0           0           0
           0           0           0           0           0           1           0
           0           1           1           0           1           0           1
          -1          -1           0           0           1          -1          -1
          -1          -1           0           0           0          -1          -1

 Coordinate is

           5           2

 Direction is

           1
          -1          -1           0           0           0          -1          -1
          -1          -1           0           0           0          -1          -1
           0           0           0           0           0           0           0
           0           0           0           0           0           1           0
           0           0           0           1           1           0           1
          -1          -1           0           0           1          -1          -1
          -1          -1           0           0           0          -1          -1

 Coordinate is

           5           4

 Direction is

           1
          -1          -1           0           0           0          -1          -1
          -1          -1           0           0           0          -1          -1
           0           0           0           0           0           0           0
           0           0           0           0           0           1           0
           0           0           0           0           0           1           1
          -1          -1           0           0           1          -1          -1
          -1          -1           0           0           0          -1          -1

 Coordinate is

           5           7

 Direction is

           4
          -1          -1           0           0           0          -1          -1
          -1          -1           0           0           0          -1          -1
           0           0           0           0           0           0           0
           0           0           0           0           0           1           0
           0           0           0           0           1           0           0
          -1          -1           0           0           1          -1          -1
          -1          -1           0           0           0          -1          -1

 Coordinate is

           6           5

 Direction is

           2
          -1          -1           0           0           0          -1          -1
          -1          -1           0           0           0          -1          -1
           0           0           0           0           0           0           0
           0           0           0           0           1           1           0
           0           0           0           0           0           0           0
          -1          -1           0           0           0          -1          -1
          -1          -1           0           0           0          -1          -1

 Coordinate is

           4           6

 Direction is

           4
          -1          -1           0           0           0          -1          -1
          -1          -1           0           0           0          -1          -1
           0           0           0           0           0           0           0
           0           0           0           1           0           0           0
           0           0           0           0           0           0           0
          -1          -1           0           0           0          -1          -1
          -1          -1           0           0           0          -1          -1

 visualisation time=  3.12500000E-02 Sec

 computational time=   1.5000000     Sec

 Solution Found


          -1          -1           0           0           0          -1          -1

          -1          -1           0           0           0          -1          -1

           0           0           0           0           0           0           0

           0           0           0           1           0           0           0

           0           0           0           0           0           0           0

          -1          -1           0           0           0          -1          -1

          -1          -1           0           0           0          -1          -1

 Coordinate is

           2           4

 Direction is

           3
          -1          -1           1           1           1          -1          -1
          -1          -1           1           0           1          -1          -1
           1           1           1           0           1           1           1
           1           1           1           1           1           1           1
           1           1           1           1           1           1           1
          -1          -1           1           1           1          -1          -1
          -1          -1           1           1           1          -1          -1

 Coordinate is

           3           2

 Direction is

           1
          -1          -1           1           1           1          -1          -1
          -1          -1           1           0           1          -1          -1
           1           0           0           1           1           1           1
           1           1           1           1           1           1           1
           1           1           1           1           1           1           1
          -1          -1           1           1           1          -1          -1
          -1          -1           1           1           1          -1          -1

 Coordinate is

           1           3

 Direction is

           3
          -1          -1           0           1           1          -1          -1
          -1          -1           0           0           1          -1          -1
           1           0           1           1           1           1           1
           1           1           1           1           1           1           1
           1           1           1           1           1           1           1
          -1          -1           1           1           1          -1          -1
          -1          -1           1           1           1          -1          -1

 Coordinate is

           1           5

 Direction is

           4
          -1          -1           1           0           0          -1          -1
          -1          -1           0           0           1          -1          -1
           1           0           1           1           1           1           1
           1           1           1           1           1           1           1
           1           1           1           1           1           1           1
          -1          -1           1           1           1          -1          -1
          -1          -1           1           1           1          -1          -1

 Coordinate is

           3           4

 Direction is

           4
          -1          -1           1           0           0          -1          -1
          -1          -1           0           0           1          -1          -1
           1           1           0           0           1           1           1
           1           1           1           1           1           1           1
           1           1           1           1           1           1           1
          -1          -1           1           1           1          -1          -1
          -1          -1           1           1           1          -1          -1

 Coordinate is

           3           1

 Direction is

           1
          -1          -1           1           0           0          -1          -1
          -1          -1           0           0           1          -1          -1
           0           0           1           0           1           1           1
           1           1           1           1           1           1           1
           1           1           1           1           1           1           1
          -1          -1           1           1           1          -1          -1
          -1          -1           1           1           1          -1          -1

 Coordinate is

           3           6

 Direction is

           4
          -1          -1           1           0           0          -1          -1
          -1          -1           0           0           1          -1          -1
           0           0           1           1           0           0           1
           1           1           1           1           1           1           1
           1           1           1           1           1           1           1
          -1          -1           1           1           1          -1          -1
          -1          -1           1           1           1          -1          -1

 Coordinate is

           3           3

 Direction is

           1
          -1          -1           1           0           0          -1          -1
          -1          -1           0           0           1          -1          -1
           0           0           0           0           1           0           1
           1           1           1           1           1           1           1
           1           1           1           1           1           1           1
          -1          -1           1           1           1          -1          -1
          -1          -1           1           1           1          -1          -1

 Coordinate is

           5           1

 Direction is

           2
          -1          -1           1           0           0          -1          -1
          -1          -1           0           0           1          -1          -1
           1           0           0           0           1           0           1
           0           1           1           1           1           1           1
           0           1           1           1           1           1           1
          -1          -1           1           1           1          -1          -1
          -1          -1           1           1           1          -1          -1

 Coordinate is

           5           2

 Direction is

           2
          -1          -1           1           0           0          -1          -1
          -1          -1           0           0           1          -1          -1
           1           1           0           0           1           0           1
           0           0           1           1           1           1           1
           0           0           1           1           1           1           1
          -1          -1           1           1           1          -1          -1
          -1          -1           1           1           1          -1          -1

 Coordinate is

           3           1

 Direction is

           1
          -1          -1           1           0           0          -1          -1
          -1          -1           0           0           1          -1          -1
           0           0           1           0           1           0           1
           0           0           1           1           1           1           1
           0           0           1           1           1           1           1
          -1          -1           1           1           1          -1          -1
          -1          -1           1           1           1          -1          -1

 Coordinate is

           4           3

 Direction is

           2
          -1          -1           1           0           0          -1          -1
          -1          -1           1           0           1          -1          -1
           0           0           0           0           1           0           1
           0           0           0           1           1           1           1
           0           0           1           1           1           1           1
          -1          -1           1           1           1          -1          -1
          -1          -1           1           1           1          -1          -1

 Coordinate is

           1           3

 Direction is

           3
          -1          -1           0           0           0          -1          -1
          -1          -1           0           0           1          -1          -1
           0           0           1           0           1           0           1
           0           0           0           1           1           1           1
           0           0           1           1           1           1           1
          -1          -1           1           1           1          -1          -1
          -1          -1           1           1           1          -1          -1

 Coordinate is

           4           5

 Direction is

           4
          -1          -1           0           0           0          -1          -1
          -1          -1           0           0           1          -1          -1
           0           0           1           0           1           0           1
           0           0           1           0           0           1           1
           0           0           1           1           1           1           1
          -1          -1           1           1           1          -1          -1
          -1          -1           1           1           1          -1          -1

 Coordinate is

           2           5

 Direction is

           3
          -1          -1           0           0           0          -1          -1
          -1          -1           0           0           0          -1          -1
           0           0           1           0           0           0           1
           0           0           1           0           1           1           1
           0           0           1           1           1           1           1
          -1          -1           1           1           1          -1          -1
          -1          -1           1           1           1          -1          -1

 Coordinate is

           5           4

 Direction is

           4
          -1          -1           0           0           0          -1          -1
          -1          -1           0           0           0          -1          -1
           0           0           1           0           0           0           1
           0           0           1           0           1           1           1
           0           1           0           0           1           1           1
          -1          -1           1           1           1          -1          -1
          -1          -1           1           1           1          -1          -1

 Coordinate is

           3           3

 Direction is

           3
          -1          -1           0           0           0          -1          -1
          -1          -1           0           0           0          -1          -1
           0           0           0           0           0           0           1
           0           0           0           0           1           1           1
           0           1           1           0           1           1           1
          -1          -1           1           1           1          -1          -1
          -1          -1           1           1           1          -1          -1

 Coordinate is

           5           2

 Direction is

           1
          -1          -1           0           0           0          -1          -1
          -1          -1           0           0           0          -1          -1
           0           0           0           0           0           0           1
           0           0           0           0           1           1           1
           0           0           0           1           1           1           1
          -1          -1           1           1           1          -1          -1
          -1          -1           1           1           1          -1          -1

 Coordinate is

           7           3

 Direction is

           2
          -1          -1           0           0           0          -1          -1
          -1          -1           0           0           0          -1          -1
           0           0           0           0           0           0           1
           0           0           0           0           1           1           1
           0           0           1           1           1           1           1
          -1          -1           0           1           1          -1          -1
          -1          -1           0           1           1          -1          -1

 Coordinate is

           5           4

 Direction is

           4
          -1          -1           0           0           0          -1          -1
          -1          -1           0           0           0          -1          -1
           0           0           0           0           0           0           1
           0           0           0           0           1           1           1
           0           1           0           0           1           1           1
          -1          -1           0           1           1          -1          -1
          -1          -1           0           1           1          -1          -1

 Coordinate is

           6           5

 Direction is

           4
          -1          -1           0           0           0          -1          -1
          -1          -1           0           0           0          -1          -1
           0           0           0           0           0           0           1
           0           0           0           0           1           1           1
           0           1           0           0           1           1           1
          -1          -1           1           0           0          -1          -1
          -1          -1           0           1           1          -1          -1

 Coordinate is

           4           5

 Direction is

           3
          -1          -1           0           0           0          -1          -1
          -1          -1           0           0           0          -1          -1
           0           0           0           0           0           0           1
           0           0           0           0           0           1           1
           0           1           0           0           0           1           1
          -1          -1           1           0           1          -1          -1
          -1          -1           0           1           1          -1          -1

 Coordinate is

           5           7

 Direction is

           4
          -1          -1           0           0           0          -1          -1
          -1          -1           0           0           0          -1          -1
           0           0           0           0           0           0           1
           0           0           0           0           0           1           1
           0           1           0           0           1           0           0
          -1          -1           1           0           1          -1          -1
          -1          -1           0           1           1          -1          -1

 Coordinate is

           7           5

 Direction is

           4
          -1          -1           0           0           0          -1          -1
          -1          -1           0           0           0          -1          -1
           0           0           0           0           0           0           1
           0           0           0           0           0           1           1
           0           1           0           0           1           0           0
          -1          -1           1           0           1          -1          -1
          -1          -1           1           0           0          -1          -1

 Coordinate is

           3           7

 Direction is

           3
          -1          -1           0           0           0          -1          -1
          -1          -1           0           0           0          -1          -1
           0           0           0           0           0           0           0
           0           0           0           0           0           1           0
           0           1           0           0           1           0           1
          -1          -1           1           0           1          -1          -1
          -1          -1           1           0           0          -1          -1

 Coordinate is

           7           3

 Direction is

           2
          -1          -1           0           0           0          -1          -1
          -1          -1           0           0           0          -1          -1
           0           0           0           0           0           0           0
           0           0           0           0           0           1           0
           0           1           1           0           1           0           1
          -1          -1           0           0           1          -1          -1
          -1          -1           0           0           0          -1          -1

 Coordinate is

           5           2

 Direction is

           1
          -1          -1           0           0           0          -1          -1
          -1          -1           0           0           0          -1          -1
           0           0           0           0           0           0           0
           0           0           0           0           0           1           0
           0           0           0           1           1           0           1
          -1          -1           0           0           1          -1          -1
          -1          -1           0           0           0          -1          -1

 Coordinate is

           5           4

 Direction is

           1
          -1          -1           0           0           0          -1          -1
          -1          -1           0           0           0          -1          -1
           0           0           0           0           0           0           0
           0           0           0           0           0           1           0
           0           0           0           0           0           1           1
          -1          -1           0           0           1          -1          -1
          -1          -1           0           0           0          -1          -1

 Coordinate is

           5           7

 Direction is

           4
          -1          -1           0           0           0          -1          -1
          -1          -1           0           0           0          -1          -1
           0           0           0           0           0           0           0
           0           0           0           0           0           1           0
           0           0           0           0           1           0           0
          -1          -1           0           0           1          -1          -1
          -1          -1           0           0           0          -1          -1

 Coordinate is

           6           5

 Direction is

           2
          -1          -1           0           0           0          -1          -1
          -1          -1           0           0           0          -1          -1
           0           0           0           0           0           0           0
           0           0           0           0           1           1           0
           0           0           0           0           0           0           0
          -1          -1           0           0           0          -1          -1
          -1          -1           0           0           0          -1          -1

 Coordinate is

           4           6

 Direction is

           4
          -1          -1           0           0           0          -1          -1
          -1          -1           0           0           0          -1          -1
           0           0           0           0           0           0           0
           0           0           0           1           0           0           0
           0           0           0           0           0           0           0
          -1          -1           0           0           0          -1          -1
          -1          -1           0           0           0          -1          -1

 visualisation time=   0.0000000     Sec

 computational time=   1.5000000     Sec

 Solution Found


          -1          -1           0           0           0          -1          -1

          -1          -1           0           0           0          -1          -1

           0           0           0           0           0           0           0

           0           0           0           1           0           0           0

           0           0           0           0           0           0           0

          -1          -1           0           0           0          -1          -1

          -1          -1           0           0           0          -1          -1

 Coordinate is

           2           4

 Direction is

           3
          -1          -1           1           1           1          -1          -1
          -1          -1           1           0           1          -1          -1
           1           1           1           0           1           1           1
           1           1           1           1           1           1           1
           1           1           1           1           1           1           1
          -1          -1           1           1           1          -1          -1
          -1          -1           1           1           1          -1          -1

 Coordinate is

           3           2

 Direction is

           1
          -1          -1           1           1           1          -1          -1
          -1          -1           1           0           1          -1          -1
           1           0           0           1           1           1           1
           1           1           1           1           1           1           1
           1           1           1           1           1           1           1
          -1          -1           1           1           1          -1          -1
          -1          -1           1           1           1          -1          -1

 Coordinate is

           1           3

 Direction is

           3
          -1          -1           0           1           1          -1          -1
          -1          -1           0           0           1          -1          -1
           1           0           1           1           1           1           1
           1           1           1           1           1           1           1
           1           1           1           1           1           1           1
          -1          -1           1           1           1          -1          -1
          -1          -1           1           1           1          -1          -1

 Coordinate is

           1           5

 Direction is

           4
          -1          -1           1           0           0          -1          -1
          -1          -1           0           0           1          -1          -1
           1           0           1           1           1           1           1
           1           1           1           1           1           1           1
           1           1           1           1           1           1           1
          -1          -1           1           1           1          -1          -1
          -1          -1           1           1           1          -1          -1

 Coordinate is

           3           4

 Direction is

           4
          -1          -1           1           0           0          -1          -1
          -1          -1           0           0           1          -1          -1
           1           1           0           0           1           1           1
           1           1           1           1           1           1           1
           1           1           1           1           1           1           1
          -1          -1           1           1           1          -1          -1
          -1          -1           1           1           1          -1          -1

 Coordinate is

           3           1

 Direction is

           1
          -1          -1           1           0           0          -1          -1
          -1          -1           0           0           1          -1          -1
           0           0           1           0           1           1           1
           1           1           1           1           1           1           1
           1           1           1           1           1           1           1
          -1          -1           1           1           1          -1          -1
          -1          -1           1           1           1          -1          -1

 Coordinate is

           3           6

 Direction is

           4
          -1          -1           1           0           0          -1          -1
          -1          -1           0           0           1          -1          -1
           0           0           1           1           0           0           1
           1           1           1           1           1           1           1
           1           1           1           1           1           1           1
          -1          -1           1           1           1          -1          -1
          -1          -1           1           1           1          -1          -1

 Coordinate is

           3           3

 Direction is

           1
          -1          -1           1           0           0          -1          -1
          -1          -1           0           0           1          -1          -1
           0           0           0           0           1           0           1
           1           1           1           1           1           1           1
           1           1           1           1           1           1           1
          -1          -1           1           1           1          -1          -1
          -1          -1           1           1           1          -1          -1

 Coordinate is

           5           1

 Direction is

           2
          -1          -1           1           0           0          -1          -1
          -1          -1           0           0           1          -1          -1
           1           0           0           0           1           0           1
           0           1           1           1           1           1           1
           0           1           1           1           1           1           1
          -1          -1           1           1           1          -1          -1
          -1          -1           1           1           1          -1          -1

 Coordinate is

           5           2

 Direction is

           2
          -1          -1           1           0           0          -1          -1
          -1          -1           0           0           1          -1          -1
           1           1           0           0           1           0           1
           0           0           1           1           1           1           1
           0           0           1           1           1           1           1
          -1          -1           1           1           1          -1          -1
          -1          -1           1           1           1          -1          -1

 Coordinate is

           3           1

 Direction is

           1
          -1          -1           1           0           0          -1          -1
          -1          -1           0           0           1          -1          -1
           0           0           1           0           1           0           1
           0           0           1           1           1           1           1
           0           0           1           1           1           1           1
          -1          -1           1           1           1          -1          -1
          -1          -1           1           1           1          -1          -1

 Coordinate is

           4           3

 Direction is

           2
          -1          -1           1           0           0          -1          -1
          -1          -1           1           0           1          -1          -1
           0           0           0           0           1           0           1
           0           0           0           1           1           1           1
           0           0           1           1           1           1           1
          -1          -1           1           1           1          -1          -1
          -1          -1           1           1           1          -1          -1

 Coordinate is

           1           3

 Direction is

           3
          -1          -1           0           0           0          -1          -1
          -1          -1           0           0           1          -1          -1
           0           0           1           0           1           0           1
           0           0           0           1           1           1           1
           0           0           1           1           1           1           1
          -1          -1           1           1           1          -1          -1
          -1          -1           1           1           1          -1          -1

 Coordinate is

           4           5

 Direction is

           4
          -1          -1           0           0           0          -1          -1
          -1          -1           0           0           1          -1          -1
           0           0           1           0           1           0           1
           0           0           1           0           0           1           1
           0           0           1           1           1           1           1
          -1          -1           1           1           1          -1          -1
          -1          -1           1           1           1          -1          -1

 Coordinate is

           2           5

 Direction is

           3
          -1          -1           0           0           0          -1          -1
          -1          -1           0           0           0          -1          -1
           0           0           1           0           0           0           1
           0           0           1           0           1           1           1
           0           0           1           1           1           1           1
          -1          -1           1           1           1          -1          -1
          -1          -1           1           1           1          -1          -1

 Coordinate is

           5           4

 Direction is

           4
          -1          -1           0           0           0          -1          -1
          -1          -1           0           0           0          -1          -1
           0           0           1           0           0           0           1
           0           0           1           0           1           1           1
           0           1           0           0           1           1           1
          -1          -1           1           1           1          -1          -1
          -1          -1           1           1           1          -1          -1

 Coordinate is

           3           3

 Direction is

           3
          -1          -1           0           0           0          -1          -1
          -1          -1           0           0           0          -1          -1
           0           0           0           0           0           0           1
           0           0           0           0           1           1           1
           0           1           1           0           1           1           1
          -1          -1           1           1           1          -1          -1
          -1          -1           1           1           1          -1          -1

 Coordinate is

           5           2

 Direction is

           1
          -1          -1           0           0           0          -1          -1
          -1          -1           0           0           0          -1          -1
           0           0           0           0           0           0           1
           0           0           0           0           1           1           1
           0           0           0           1           1           1           1
          -1          -1           1           1           1          -1          -1
          -1          -1           1           1           1          -1          -1

 Coordinate is

           7           3

 Direction is

           2
          -1          -1           0           0           0          -1          -1
          -1          -1           0           0           0          -1          -1
           0           0           0           0           0           0           1
           0           0           0           0           1           1           1
           0           0           1           1           1           1           1
          -1          -1           0           1           1          -1          -1
          -1          -1           0           1           1          -1          -1

 Coordinate is

           5           4

 Direction is

           4
          -1          -1           0           0           0          -1          -1
          -1          -1           0           0           0          -1          -1
           0           0           0           0           0           0           1
           0           0           0           0           1           1           1
           0           1           0           0           1           1           1
          -1          -1           0           1           1          -1          -1
          -1          -1           0           1           1          -1          -1

 Coordinate is

           6           5

 Direction is

           4
          -1          -1           0           0           0          -1          -1
          -1          -1           0           0           0          -1          -1
           0           0           0           0           0           0           1
           0           0           0           0           1           1           1
           0           1           0           0           1           1           1
          -1          -1           1           0           0          -1          -1
          -1          -1           0           1           1          -1          -1

 Coordinate is

           4           5

 Direction is

           3
          -1          -1           0           0           0          -1          -1
          -1          -1           0           0           0          -1          -1
           0           0           0           0           0           0           1
           0           0           0           0           0           1           1
           0           1           0           0           0           1           1
          -1          -1           1           0           1          -1          -1
          -1          -1           0           1           1          -1          -1

 Coordinate is

           5           7

 Direction is

           4
          -1          -1           0           0           0          -1          -1
          -1          -1           0           0           0          -1          -1
           0           0           0           0           0           0           1
           0           0           0           0           0           1           1
           0           1           0           0           1           0           0
          -1          -1           1           0           1          -1          -1
          -1          -1           0           1           1          -1          -1

 Coordinate is

           7           5

 Direction is

           4
          -1          -1           0           0           0          -1          -1
          -1          -1           0           0           0          -1          -1
           0           0           0           0           0           0           1
           0           0           0           0           0           1           1
           0           1           0           0           1           0           0
          -1          -1           1           0           1          -1          -1
          -1          -1           1           0           0          -1          -1

 Coordinate is

           7           3

 Direction is

           2
          -1          -1           0           0           0          -1          -1
          -1          -1           0           0           0          -1          -1
           0           0           0           0           0           0           1
           0           0           0           0           0           1           1
           0           1           1           0           1           0           0
          -1          -1           0           0           1          -1          -1
          -1          -1           0           0           0          -1          -1

 Coordinate is

           3           7

 Direction is

           3
          -1          -1           0           0           0          -1          -1
          -1          -1           0           0           0          -1          -1
           0           0           0           0           0           0           0
           0           0           0           0           0           1           0
           0           1           1           0           1           0           1
          -1          -1           0           0           1          -1          -1
          -1          -1           0           0           0          -1          -1

 Coordinate is

           5           2

 Direction is

           1
          -1          -1           0           0           0          -1          -1
          -1          -1           0           0           0          -1          -1
           0           0           0           0           0           0           0
           0           0           0           0           0           1           0
           0           0           0           1           1           0           1
          -1          -1           0           0           1          -1          -1
          -1          -1           0           0           0          -1          -1

 Coordinate is

           5           4

 Direction is

           1
          -1          -1           0           0           0          -1          -1
          -1          -1           0           0           0          -1          -1
           0           0           0           0           0           0           0
           0           0           0           0           0           1           0
           0           0           0           0           0           1           1
          -1          -1           0           0           1          -1          -1
          -1          -1           0           0           0          -1          -1

 Coordinate is

           5           7

 Direction is

           4
          -1          -1           0           0           0          -1          -1
          -1          -1           0           0           0          -1          -1
           0           0           0           0           0           0           0
           0           0           0           0           0           1           0
           0           0           0           0           1           0           0
          -1          -1           0           0           1          -1          -1
          -1          -1           0           0           0          -1          -1

 Coordinate is

           6           5

 Direction is

           2
          -1          -1           0           0           0          -1          -1
          -1          -1           0           0           0          -1          -1
           0           0           0           0           0           0           0
           0           0           0           0           1           1           0
           0           0           0           0           0           0           0
          -1          -1           0           0           0          -1          -1
          -1          -1           0           0           0          -1          -1

 Coordinate is

           4           6

 Direction is

           4
          -1          -1           0           0           0          -1          -1
          -1          -1           0           0           0          -1          -1
           0           0           0           0           0           0           0
           0           0           0           1           0           0           0
           0           0           0           0           0           0           0
          -1          -1           0           0           0          -1          -1
          -1          -1           0           0           0          -1          -1

 visualisation time=   0.0000000     Sec
