
          -1          -1           1           1           1          -1          -1

          -1          -1           1           1           1          -1          -1

           1           1           1           1           1           1           1

           1           1           1           0           1           1           1

           1           1           1           1           1           1           1

          -1          -1           1           1           1          -1          -1

          -1          -1           1           1           1          -1          -1

 computational time=  0.68750000     Sec

 Solution Found


          -1          -1           0           0           0          -1          -1

          -1          -1           0           0           0          -1          -1

           0           0           0           0           0           0           0

           0           0           0           1           0           0           0

           0           0           0           0           0           0           0

          -1          -1           0           0           0          -1          -1

          -1          -1           0           0           0          -1          -1

 Coordinate is

           2           4

 Direction is

           3
          -1          -1           1           1           1          -1          -1
          -1          -1           1           0           1          -1          -1
           1           1           1           0           1           1           1
           1           1           1           1           1           1           1
           1           1           1           1           1           1           1
          -1          -1           1           1           1          -1          -1
          -1          -1           1           1           1          -1          -1

 Coordinate is

           3           2

 Direction is

           1
          -1          -1           1           1           1          -1          -1
          -1          -1           1           0           1          -1          -1
           1           0           0           1           1           1           1
           1           1           1           1           1           1           1
           1           1           1           1           1           1           1
          -1          -1           1           1           1          -1          -1
          -1          -1           1           1           1          -1          -1

 Coordinate is

           1           3

 Direction is

           3
          -1          -1           0           1           1          -1          -1
          -1          -1           0           0           1          -1          -1
           1           0           1           1           1           1           1
           1           1           1           1           1           1           1
           1           1           1           1           1           1           1
          -1          -1           1           1           1          -1          -1
          -1          -1           1           1           1          -1          -1

 Coordinate is

           1           5

 Direction is

           4
          -1          -1           1           0           0          -1          -1
          -1          -1           0           0           1          -1          -1
           1           0           1           1           1           1           1
           1           1           1           1           1           1           1
           1           1           1           1           1           1           1
          -1          -1           1           1           1          -1          -1
          -1          -1           1           1           1          -1          -1

 Coordinate is

           3           4

 Direction is

           4
          -1          -1           1           0           0          -1          -1
          -1          -1           0           0           1          -1          -1
           1           1           0           0           1           1           1
           1           1           1           1           1           1           1
           1           1           1           1           1           1           1
          -1          -1           1           1           1          -1          -1
          -1          -1           1           1           1          -1          -1

 Coordinate is

           3           1

 Direction is

           1
          -1          -1           1           0           0          -1          -1
          -1          -1           0           0           1          -1          -1
           0           0           1           0           1           1           1
           1           1           1           1           1           1           1
           1           1           1           1           1           1           1
          -1          -1           1           1           1          -1          -1
          -1          -1           1           1           1          -1          -1

 Coordinate is

           3           5

 Direction is

           2
          -1          -1           1           0           1          -1          -1
          -1          -1           0           0           0          -1          -1
           0           0           1           0           0           1           1
           1           1           1           1           1           1           1
           1           1           1           1           1           1           1
          -1          -1           1           1           1          -1          -1
          -1          -1           1           1           1          -1          -1

 Coordinate is

           3           7

 Direction is

           4
          -1          -1           1           0           1          -1          -1
          -1          -1           0           0           0          -1          -1
           0           0           1           0           1           0           0
           1           1           1           1           1           1           1
           1           1           1           1           1           1           1
          -1          -1           1           1           1          -1          -1
          -1          -1           1           1           1          -1          -1

 Coordinate is

           4           3

 Direction is

           2
          -1          -1           1           0           1          -1          -1
          -1          -1           1           0           0          -1          -1
           0           0           0           0           1           0           0
           1           1           0           1           1           1           1
           1           1           1           1           1           1           1
          -1          -1           1           1           1          -1          -1
          -1          -1           1           1           1          -1          -1

 Coordinate is

           1           3

 Direction is

           3
          -1          -1           0           0           1          -1          -1
          -1          -1           0           0           0          -1          -1
           0           0           1           0           1           0           0
           1           1           0           1           1           1           1
           1           1           1           1           1           1           1
          -1          -1           1           1           1          -1          -1
          -1          -1           1           1           1          -1          -1

 Coordinate is

           4           1

 Direction is

           1
          -1          -1           0           0           1          -1          -1
          -1          -1           0           0           0          -1          -1
           0           0           1           0           1           0           0
           0           0           1           1           1           1           1
           1           1           1           1           1           1           1
          -1          -1           1           1           1          -1          -1
          -1          -1           1           1           1          -1          -1

 Coordinate is

           4           3

 Direction is

           2
          -1          -1           0           0           1          -1          -1
          -1          -1           1           0           0          -1          -1
           0           0           0           0           1           0           0
           0           0           0           1           1           1           1
           1           1           1           1           1           1           1
          -1          -1           1           1           1          -1          -1
          -1          -1           1           1           1          -1          -1

 Coordinate is

           4           5

 Direction is

           2
          -1          -1           0           0           1          -1          -1
          -1          -1           1           0           1          -1          -1
           0           0           0           0           0           0           0
           0           0           0           1           0           1           1
           1           1           1           1           1           1           1
          -1          -1           1           1           1          -1          -1
          -1          -1           1           1           1          -1          -1

 Coordinate is

           1           5

 Direction is

           3
          -1          -1           0           0           0          -1          -1
          -1          -1           1           0           0          -1          -1
           0           0           0           0           1           0           0
           0           0           0           1           0           1           1
           1           1           1           1           1           1           1
          -1          -1           1           1           1          -1          -1
          -1          -1           1           1           1          -1          -1

 Coordinate is

           4           7

 Direction is

           4
          -1          -1           0           0           0          -1          -1
          -1          -1           1           0           0          -1          -1
           0           0           0           0           1           0           0
           0           0           0           1           1           0           0
           1           1           1           1           1           1           1
          -1          -1           1           1           1          -1          -1
          -1          -1           1           1           1          -1          -1

 Coordinate is

           4           5

 Direction is

           2
          -1          -1           0           0           0          -1          -1
          -1          -1           1           0           1          -1          -1
           0           0           0           0           0           0           0
           0           0           0           1           0           0           0
           1           1           1           1           1           1           1
          -1          -1           1           1           1          -1          -1
          -1          -1           1           1           1          -1          -1

 Coordinate is

           6           3

 Direction is

           2
          -1          -1           0           0           0          -1          -1
          -1          -1           1           0           1          -1          -1
           0           0           0           0           0           0           0
           0           0           1           1           0           0           0
           1           1           0           1           1           1           1
          -1          -1           0           1           1          -1          -1
          -1          -1           1           1           1          -1          -1

 Coordinate is

           5           1

 Direction is

           1
          -1          -1           0           0           0          -1          -1
          -1          -1           1           0           1          -1          -1
           0           0           0           0           0           0           0
           0           0           1           1           0           0           0
           0           0           1           1           1           1           1
          -1          -1           0           1           1          -1          -1
          -1          -1           1           1           1          -1          -1

 Coordinate is

           5           3

 Direction is

           2
          -1          -1           0           0           0          -1          -1
          -1          -1           1           0           1          -1          -1
           0           0           1           0           0           0           0
           0           0           0           1           0           0           0
           0           0           0           1           1           1           1
          -1          -1           0           1           1          -1          -1
          -1          -1           1           1           1          -1          -1

 Coordinate is

           2           3

 Direction is

           3
          -1          -1           0           0           0          -1          -1
          -1          -1           0           0           1          -1          -1
           0           0           0           0           0           0           0
           0           0           1           1           0           0           0
           0           0           0           1           1           1           1
          -1          -1           0           1           1          -1          -1
          -1          -1           1           1           1          -1          -1

 Coordinate is

           4           3

 Direction is

           1
          -1          -1           0           0           0          -1          -1
          -1          -1           0           0           1          -1          -1
           0           0           0           0           0           0           0
           0           0           0           0           1           0           0
           0           0           0           1           1           1           1
          -1          -1           0           1           1          -1          -1
          -1          -1           1           1           1          -1          -1

 Coordinate is

           5           5

 Direction is

           2
          -1          -1           0           0           0          -1          -1
          -1          -1           0           0           1          -1          -1
           0           0           0           0           1           0           0
           0           0           0           0           0           0           0
           0           0           0           1           0           1           1
          -1          -1           0           1           1          -1          -1
          -1          -1           1           1           1          -1          -1

 Coordinate is

           2           5

 Direction is

           3
          -1          -1           0           0           0          -1          -1
          -1          -1           0           0           0          -1          -1
           0           0           0           0           0           0           0
           0           0           0           0           1           0           0
           0           0           0           1           0           1           1
          -1          -1           0           1           1          -1          -1
          -1          -1           1           1           1          -1          -1

 Coordinate is

           5           7

 Direction is

           4
          -1          -1           0           0           0          -1          -1
          -1          -1           0           0           0          -1          -1
           0           0           0           0           0           0           0
           0           0           0           0           1           0           0
           0           0           0           1           1           0           0
          -1          -1           0           1           1          -1          -1
          -1          -1           1           1           1          -1          -1

 Coordinate is

           5           4

 Direction is

           1
          -1          -1           0           0           0          -1          -1
          -1          -1           0           0           0          -1          -1
           0           0           0           0           0           0           0
           0           0           0           0           1           0           0
           0           0           0           0           0           1           0
          -1          -1           0           1           1          -1          -1
          -1          -1           1           1           1          -1          -1

 Coordinate is

           7           5

 Direction is

           2
          -1          -1           0           0           0          -1          -1
          -1          -1           0           0           0          -1          -1
           0           0           0           0           0           0           0
           0           0           0           0           1           0           0
           0           0           0           0           1           1           0
          -1          -1           0           1           0          -1          -1
          -1          -1           1           1           0          -1          -1

 Coordinate is

           4           5

 Direction is

           3
          -1          -1           0           0           0          -1          -1
          -1          -1           0           0           0          -1          -1
           0           0           0           0           0           0           0
           0           0           0           0           0           0           0
           0           0           0           0           0           1           0
          -1          -1           0           1           1          -1          -1
          -1          -1           1           1           0          -1          -1

 Coordinate is

           7           3

 Direction is

           1
          -1          -1           0           0           0          -1          -1
          -1          -1           0           0           0          -1          -1
           0           0           0           0           0           0           0
           0           0           0           0           0           0           0
           0           0           0           0           0           1           0
          -1          -1           0           1           1          -1          -1
          -1          -1           0           0           1          -1          -1

 Coordinate is

           7           5

 Direction is

           2
          -1          -1           0           0           0          -1          -1
          -1          -1           0           0           0          -1          -1
           0           0           0           0           0           0           0
           0           0           0           0           0           0           0
           0           0           0           0           1           1           0
          -1          -1           0           1           0          -1          -1
          -1          -1           0           0           0          -1          -1

 Coordinate is

           5           6

 Direction is

           4
          -1          -1           0           0           0          -1          -1
          -1          -1           0           0           0          -1          -1
           0           0           0           0           0           0           0
           0           0           0           0           0           0           0
           0           0           0           1           0           0           0
          -1          -1           0           1           0          -1          -1
          -1          -1           0           0           0          -1          -1

 Coordinate is

           6           4

 Direction is

           2
          -1          -1           0           0           0          -1          -1
          -1          -1           0           0           0          -1          -1
           0           0           0           0           0           0           0
           0           0           0           1           0           0           0
           0           0           0           0           0           0           0
          -1          -1           0           0           0          -1          -1
          -1          -1           0           0           0          -1          -1

 visualisation time=  3.12500000E-02 Sec

 computational time=  0.71875000     Sec

 Solution Found


          -1          -1           0           0           0          -1          -1

          -1          -1           0           0           0          -1          -1

           0           0           0           0           0           0           0

           0           0           0           1           0           0           0

           0           0           0           0           0           0           0

          -1          -1           0           0           0          -1          -1

          -1          -1           0           0           0          -1          -1

 Coordinate is

           2           4

 Direction is

           3
          -1          -1           1           1           1          -1          -1
          -1          -1           1           0           1          -1          -1
           1           1           1           0           1           1           1
           1           1           1           1           1           1           1
           1           1           1           1           1           1           1
          -1          -1           1           1           1          -1          -1
          -1          -1           1           1           1          -1          -1

 Coordinate is

           3           2

 Direction is

           1
          -1          -1           1           1           1          -1          -1
          -1          -1           1           0           1          -1          -1
           1           0           0           1           1           1           1
           1           1           1           1           1           1           1
           1           1           1           1           1           1           1
          -1          -1           1           1           1          -1          -1
          -1          -1           1           1           1          -1          -1

 Coordinate is

           1           3

 Direction is

           3
          -1          -1           0           1           1          -1          -1
          -1          -1           0           0           1          -1          -1
           1           0           1           1           1           1           1
           1           1           1           1           1           1           1
           1           1           1           1           1           1           1
          -1          -1           1           1           1          -1          -1
          -1          -1           1           1           1          -1          -1

 Coordinate is

           1           5

 Direction is

           4
          -1          -1           1           0           0          -1          -1
          -1          -1           0           0           1          -1          -1
           1           0           1           1           1           1           1
           1           1           1           1           1           1           1
           1           1           1           1           1           1           1
          -1          -1           1           1           1          -1          -1
          -1          -1           1           1           1          -1          -1

 Coordinate is

           3           4

 Direction is

           4
          -1          -1           1           0           0          -1          -1
          -1          -1           0           0           1          -1          -1
           1           1           0           0           1           1           1
           1           1           1           1           1           1           1
           1           1           1           1           1           1           1
          -1          -1           1           1           1          -1          -1
          -1          -1           1           1           1          -1          -1

 Coordinate is

           3           1

 Direction is

           1
          -1          -1           1           0           0          -1          -1
          -1          -1           0           0           1          -1          -1
           0           0           1           0           1           1           1
           1           1           1           1           1           1           1
           1           1           1           1           1           1           1
          -1          -1           1           1           1          -1          -1
          -1          -1           1           1           1          -1          -1

 Coordinate is

           3           5

 Direction is

           2
          -1          -1           1           0           1          -1          -1
          -1          -1           0           0           0          -1          -1
           0           0           1           0           0           1           1
           1           1           1           1           1           1           1
           1           1           1           1           1           1           1
          -1          -1           1           1           1          -1          -1
          -1          -1           1           1           1          -1          -1

 Coordinate is

           3           7

 Direction is

           4
          -1          -1           1           0           1          -1          -1
          -1          -1           0           0           0          -1          -1
           0           0           1           0           1           0           0
           1           1           1           1           1           1           1
           1           1           1           1           1           1           1
          -1          -1           1           1           1          -1          -1
          -1          -1           1           1           1          -1          -1

 Coordinate is

           4           3

 Direction is

           2
          -1          -1           1           0           1          -1          -1
          -1          -1           1           0           0          -1          -1
           0           0           0           0           1           0           0
           1           1           0           1           1           1           1
           1           1           1           1           1           1           1
          -1          -1           1           1           1          -1          -1
          -1          -1           1           1           1          -1          -1

 Coordinate is

           1           3

 Direction is

           3
          -1          -1           0           0           1          -1          -1
          -1          -1           0           0           0          -1          -1
           0           0           1           0           1           0           0
           1           1           0           1           1           1           1
           1           1           1           1           1           1           1
          -1          -1           1           1           1          -1          -1
          -1          -1           1           1           1          -1          -1

 Coordinate is

           4           1

 Direction is

           1
          -1          -1           0           0           1          -1          -1
          -1          -1           0           0           0          -1          -1
           0           0           1           0           1           0           0
           0           0           1           1           1           1           1
           1           1           1           1           1           1           1
          -1          -1           1           1           1          -1          -1
          -1          -1           1           1           1          -1          -1

 Coordinate is

           4           3

 Direction is

           2
          -1          -1           0           0           1          -1          -1
          -1          -1           1           0           0          -1          -1
           0           0           0           0           1           0           0
           0           0           0           1           1           1           1
           1           1           1           1           1           1           1
          -1          -1           1           1           1          -1          -1
          -1          -1           1           1           1          -1          -1

 Coordinate is

           4           5

 Direction is

           2
          -1          -1           0           0           1          -1          -1
          -1          -1           1           0           1          -1          -1
           0           0           0           0           0           0           0
           0           0           0           1           0           1           1
           1           1           1           1           1           1           1
          -1          -1           1           1           1          -1          -1
          -1          -1           1           1           1          -1          -1

 Coordinate is

           1           5

 Direction is

           3
          -1          -1           0           0           0          -1          -1
          -1          -1           1           0           0          -1          -1
           0           0           0           0           1           0           0
           0           0           0           1           0           1           1
           1           1           1           1           1           1           1
          -1          -1           1           1           1          -1          -1
          -1          -1           1           1           1          -1          -1

 Coordinate is

           4           7

 Direction is

           4
          -1          -1           0           0           0          -1          -1
          -1          -1           1           0           0          -1          -1
           0           0           0           0           1           0           0
           0           0           0           1           1           0           0
           1           1           1           1           1           1           1
          -1          -1           1           1           1          -1          -1
          -1          -1           1           1           1          -1          -1

 Coordinate is

           4           5

 Direction is

           2
          -1          -1           0           0           0          -1          -1
          -1          -1           1           0           1          -1          -1
           0           0           0           0           0           0           0
           0           0           0           1           0           0           0
           1           1           1           1           1           1           1
          -1          -1           1           1           1          -1          -1
          -1          -1           1           1           1          -1          -1

 Coordinate is

           6           3

 Direction is

           2
          -1          -1           0           0           0          -1          -1
          -1          -1           1           0           1          -1          -1
           0           0           0           0           0           0           0
           0           0           1           1           0           0           0
           1           1           0           1           1           1           1
          -1          -1           0           1           1          -1          -1
          -1          -1           1           1           1          -1          -1

 Coordinate is

           5           1

 Direction is

           1
          -1          -1           0           0           0          -1          -1
          -1          -1           1           0           1          -1          -1
           0           0           0           0           0           0           0
           0           0           1           1           0           0           0
           0           0           1           1           1           1           1
          -1          -1           0           1           1          -1          -1
          -1          -1           1           1           1          -1          -1

 Coordinate is

           5           3

 Direction is

           2
          -1          -1           0           0           0          -1          -1
          -1          -1           1           0           1          -1          -1
           0           0           1           0           0           0           0
           0           0           0           1           0           0           0
           0           0           0           1           1           1           1
          -1          -1           0           1           1          -1          -1
          -1          -1           1           1           1          -1          -1

 Coordinate is

           2           3

 Direction is

           3
          -1          -1           0           0           0          -1          -1
          -1          -1           0           0           1          -1          -1
           0           0           0           0           0           0           0
           0           0           1           1           0           0           0
           0           0           0           1           1           1           1
          -1          -1           0           1           1          -1          -1
          -1          -1           1           1           1          -1          -1

 Coordinate is

           4           3

 Direction is

           1
          -1          -1           0           0           0          -1          -1
          -1          -1           0           0           1          -1          -1
           0           0           0           0           0           0           0
           0           0           0           0           1           0           0
           0           0           0           1           1           1           1
          -1          -1           0           1           1          -1          -1
          -1          -1           1           1           1          -1          -1

 Coordinate is

           5           5

 Direction is

           2
          -1          -1           0           0           0          -1          -1
          -1          -1           0           0           1          -1          -1
           0           0           0           0           1           0           0
           0           0           0           0           0           0           0
           0           0           0           1           0           1           1
          -1          -1           0           1           1          -1          -1
          -1          -1           1           1           1          -1          -1

 Coordinate is

           2           5

 Direction is

           3
          -1          -1           0           0           0          -1          -1
          -1          -1           0           0           0          -1          -1
           0           0           0           0           0           0           0
           0           0           0           0           1           0           0
           0           0           0           1           0           1           1
          -1          -1           0           1           1          -1          -1
          -1          -1           1           1           1          -1          -1

 Coordinate is

           5           7

 Direction is

           4
          -1          -1           0           0           0          -1          -1
          -1          -1           0           0           0          -1          -1
           0           0           0           0           0           0           0
           0           0           0           0           1           0           0
           0           0           0           1           1           0           0
          -1          -1           0           1           1          -1          -1
          -1          -1           1           1           1          -1          -1

 Coordinate is

           5           4

 Direction is

           1
          -1          -1           0           0           0          -1          -1
          -1          -1           0           0           0          -1          -1
           0           0           0           0           0           0           0
           0           0           0           0           1           0           0
           0           0           0           0           0           1           0
          -1          -1           0           1           1          -1          -1
          -1          -1           1           1           1          -1          -1

 Coordinate is

           7           5

 Direction is

           2
          -1          -1           0           0           0          -1          -1
          -1          -1           0           0           0          -1          -1
           0           0           0           0           0           0           0
           0           0           0           0           1           0           0
           0           0           0           0           1           1           0
          -1          -1           0           1           0          -1          -1
          -1          -1           1           1           0          -1          -1

 Coordinate is

           7           3

 Direction is

           1
          -1          -1           0           0           0          -1          -1
          -1          -1           0           0           0          -1          -1
           0           0           0           0           0           0           0
           0           0           0           0           1           0           0
           0           0           0           0           1           1           0
          -1          -1           0           1           0          -1          -1
          -1          -1           0           0           1          -1          -1

 Coordinate is

           4           5

 Direction is

           3
          -1          -1           0           0           0          -1          -1
          -1          -1           0           0           0          -1          -1
           0           0           0           0           0           0           0
           0           0           0           0           0           0           0
           0           0           0           0           0           1           0
          -1          -1           0           1           1          -1          -1
          -1          -1           0           0           1          -1          -1

 Coordinate is

           7           5

 Direction is

           2
          -1          -1           0           0           0          -1          -1
          -1          -1           0           0           0          -1          -1
           0           0           0           0           0           0           0
           0           0           0           0           0           0           0
           0           0           0           0           1           1           0
          -1          -1           0           1           0          -1          -1
          -1          -1           0           0           0          -1          -1

 Coordinate is

           5           6

 Direction is

           4
          -1          -1           0           0           0          -1          -1
          -1          -1           0           0           0          -1          -1
           0           0           0           0           0           0           0
           0           0           0           0           0           0           0
           0           0           0           1           0           0           0
          -1          -1           0           1           0          -1          -1
          -1          -1           0           0           0          -1          -1

 Coordinate is

           6           4

 Direction is

           2
          -1          -1           0           0           0          -1          -1
          -1          -1           0           0           0          -1          -1
           0           0           0           0           0           0           0
           0           0           0           1           0           0           0
           0           0           0           0           0           0           0
          -1          -1           0           0           0          -1          -1
          -1          -1           0           0           0          -1          -1

 visualisation time=   0.0000000     Sec

 computational time=  0.71875000     Sec

 Solution Found


          -1          -1           0           0           0          -1          -1

          -1          -1           0           0           0          -1          -1

           0           0           0           0           0           0           0

           0           0           0           1           0           0           0

           0           0           0           0           0           0           0

          -1          -1           0           0           0          -1          -1

          -1          -1           0           0           0          -1          -1

 Coordinate is

           2           4

 Direction is

           3
          -1          -1           1           1           1          -1          -1
          -1          -1           1           0           1          -1          -1
           1           1           1           0           1           1           1
           1           1           1           1           1           1           1
           1           1           1           1           1           1           1
          -1          -1           1           1           1          -1          -1
          -1          -1           1           1           1          -1          -1

 Coordinate is

           3           2

 Direction is

           1
          -1          -1           1           1           1          -1          -1
          -1          -1           1           0           1          -1          -1
           1           0           0           1           1           1           1
           1           1           1           1           1           1           1
           1           1           1           1           1           1           1
          -1          -1           1           1           1          -1          -1
          -1          -1           1           1           1          -1          -1

 Coordinate is

           1           3

 Direction is

           3
          -1          -1           0           1           1          -1          -1
          -1          -1           0           0           1          -1          -1
           1           0           1           1           1           1           1
           1           1           1           1           1           1           1
           1           1           1           1           1           1           1
          -1          -1           1           1           1          -1          -1
          -1          -1           1           1           1          -1          -1

 Coordinate is

           1           5

 Direction is

           4
          -1          -1           1           0           0          -1          -1
          -1          -1           0           0           1          -1          -1
           1           0           1           1           1           1           1
           1           1           1           1           1           1           1
           1           1           1           1           1           1           1
          -1          -1           1           1           1          -1          -1
          -1          -1           1           1           1          -1          -1

 Coordinate is

           3           4

 Direction is

           4
          -1          -1           1           0           0          -1          -1
          -1          -1           0           0           1          -1          -1
           1           1           0           0           1           1           1
           1           1           1           1           1           1           1
           1           1           1           1           1           1           1
          -1          -1           1           1           1          -1          -1
          -1          -1           1           1           1          -1          -1

 Coordinate is

           3           1

 Direction is

           1
          -1          -1           1           0           0          -1          -1
          -1          -1           0           0           1          -1          -1
           0           0           1           0           1           1           1
           1           1           1           1           1           1           1
           1           1           1           1           1           1           1
          -1          -1           1           1           1          -1          -1
          -1          -1           1           1           1          -1          -1

 Coordinate is

           3           5

 Direction is

           2
          -1          -1           1           0           1          -1          -1
          -1          -1           0           0           0          -1          -1
           0           0           1           0           0           1           1
           1           1           1           1           1           1           1
           1           1           1           1           1           1           1
          -1          -1           1           1           1          -1          -1
          -1          -1           1           1           1          -1          -1

 Coordinate is

           3           7

 Direction is

           4
          -1          -1           1           0           1          -1          -1
          -1          -1           0           0           0          -1          -1
           0           0           1           0           1           0           0
           1           1           1           1           1           1           1
           1           1           1           1           1           1           1
          -1          -1           1           1           1          -1          -1
          -1          -1           1           1           1          -1          -1

 Coordinate is

           4           3

 Direction is

           2
          -1          -1           1           0           1          -1          -1
          -1          -1           1           0           0          -1          -1
           0           0           0           0           1           0           0
           1           1           0           1           1           1           1
           1           1           1           1           1           1           1
          -1          -1           1           1           1          -1          -1
          -1          -1           1           1           1          -1          -1

 Coordinate is

           1           3

 Direction is

           3
          -1          -1           0           0           1          -1          -1
          -1          -1           0           0           0          -1          -1
           0           0           1           0           1           0           0
           1           1           0           1           1           1           1
           1           1           1           1           1           1           1
          -1          -1           1           1           1          -1          -1
          -1          -1           1           1           1          -1          -1

 Coordinate is

           4           1

 Direction is

           1
          -1          -1           0           0           1          -1          -1
          -1          -1           0           0           0          -1          -1
           0           0           1           0           1           0           0
           0           0           1           1           1           1           1
           1           1           1           1           1           1           1
          -1          -1           1           1           1          -1          -1
          -1          -1           1           1           1          -1          -1

 Coordinate is

           4           3

 Direction is

           2
          -1          -1           0           0           1          -1          -1
          -1          -1           1           0           0          -1          -1
           0           0           0           0           1           0           0
           0           0           0           1           1           1           1
           1           1           1           1           1           1           1
          -1          -1           1           1           1          -1          -1
          -1          -1           1           1           1          -1          -1

 Coordinate is

           4           5

 Direction is

           2
          -1          -1           0           0           1          -1          -1
          -1          -1           1           0           1          -1          -1
           0           0           0           0           0           0           0
           0           0           0           1           0           1           1
           1           1           1           1           1           1           1
          -1          -1           1           1           1          -1          -1
          -1          -1           1           1           1          -1          -1

 Coordinate is

           1           5

 Direction is

           3
          -1          -1           0           0           0          -1          -1
          -1          -1           1           0           0          -1          -1
           0           0           0           0           1           0           0
           0           0           0           1           0           1           1
           1           1           1           1           1           1           1
          -1          -1           1           1           1          -1          -1
          -1          -1           1           1           1          -1          -1

 Coordinate is

           4           7

 Direction is

           4
          -1          -1           0           0           0          -1          -1
          -1          -1           1           0           0          -1          -1
           0           0           0           0           1           0           0
           0           0           0           1           1           0           0
           1           1           1           1           1           1           1
          -1          -1           1           1           1          -1          -1
          -1          -1           1           1           1          -1          -1

 Coordinate is

           4           5

 Direction is

           2
          -1          -1           0           0           0          -1          -1
          -1          -1           1           0           1          -1          -1
           0           0           0           0           0           0           0
           0           0           0           1           0           0           0
           1           1           1           1           1           1           1
          -1          -1           1           1           1          -1          -1
          -1          -1           1           1           1          -1          -1

 Coordinate is

           6           3

 Direction is

           2
          -1          -1           0           0           0          -1          -1
          -1          -1           1           0           1          -1          -1
           0           0           0           0           0           0           0
           0           0           1           1           0           0           0
           1           1           0           1           1           1           1
          -1          -1           0           1           1          -1          -1
          -1          -1           1           1           1          -1          -1

 Coordinate is

           5           1

 Direction is

           1
          -1          -1           0           0           0          -1          -1
          -1          -1           1           0           1          -1          -1
           0           0           0           0           0           0           0
           0           0           1           1           0           0           0
           0           0           1           1           1           1           1
          -1          -1           0           1           1          -1          -1
          -1          -1           1           1           1          -1          -1

 Coordinate is

           5           3

 Direction is

           2
          -1          -1           0           0           0          -1          -1
          -1          -1           1           0           1          -1          -1
           0           0           1           0           0           0           0
           0           0           0           1           0           0           0
           0           0           0           1           1           1           1
          -1          -1           0           1           1          -1          -1
          -1          -1           1           1           1          -1          -1

 Coordinate is

           2           3

 Direction is

           3
          -1          -1           0           0           0          -1          -1
          -1          -1           0           0           1          -1          -1
           0           0           0           0           0           0           0
           0           0           1           1           0           0           0
           0           0           0           1           1           1           1
          -1          -1           0           1           1          -1          -1
          -1          -1           1           1           1          -1          -1

 Coordinate is

           4           3

 Direction is

           1
          -1          -1           0           0           0          -1          -1
          -1          -1           0           0           1          -1          -1
           0           0           0           0           0           0           0
           0           0           0           0           1           0           0
           0           0           0           1           1           1           1
          -1          -1           0           1           1          -1          -1
          -1          -1           1           1           1          -1          -1

 Coordinate is

           5           5

 Direction is

           2
          -1          -1           0           0           0          -1          -1
          -1          -1           0           0           1          -1          -1
           0           0           0           0           1           0           0
           0           0           0           0           0           0           0
           0           0           0           1           0           1           1
          -1          -1           0           1           1          -1          -1
          -1          -1           1           1           1          -1          -1

 Coordinate is

           2           5

 Direction is

           3
          -1          -1           0           0           0          -1          -1
          -1          -1           0           0           0          -1          -1
           0           0           0           0           0           0           0
           0           0           0           0           1           0           0
           0           0           0           1           0           1           1
          -1          -1           0           1           1          -1          -1
          -1          -1           1           1           1          -1          -1

 Coordinate is

           7           5

 Direction is

           2
          -1          -1           0           0           0          -1          -1
          -1          -1           0           0           0          -1          -1
           0           0           0           0           0           0           0
           0           0           0           0           1           0           0
           0           0           0           1           1           1           1
          -1          -1           0           1           0          -1          -1
          -1          -1           1           1           0          -1          -1

 Coordinate is

           4           5

 Direction is

           3
          -1          -1           0           0           0          -1          -1
          -1          -1           0           0           0          -1          -1
           0           0           0           0           0           0           0
           0           0           0           0           0           0           0
           0           0           0           1           0           1           1
          -1          -1           0           1           1          -1          -1
          -1          -1           1           1           0          -1          -1

 Coordinate is

           5           7

 Direction is

           4
          -1          -1           0           0           0          -1          -1
          -1          -1           0           0           0          -1          -1
           0           0           0           0           0           0           0
           0           0           0           0           0           0           0
           0           0           0           1           1           0           0
          -1          -1           0           1           1          -1          -1
          -1          -1           1           1           0          -1          -1

 Coordinate is

           5           4

 Direction is

           1
          -1          -1           0           0           0          -1          -1
          -1          -1           0           0           0          -1          -1
           0           0           0           0           0           0           0
           0           0           0           0           0           0           0
           0           0           0           0           0           1           0
          -1          -1           0           1           1          -1          -1
          -1          -1           1           1           0          -1          -1

 Coordinate is

           7           3

 Direction is

           1
          -1          -1           0           0           0          -1          -1
          -1          -1           0           0           0          -1          -1
           0           0           0           0           0           0           0
           0           0           0           0           0           0           0
           0           0           0           0           0           1           0
          -1          -1           0           1           1          -1          -1
          -1          -1           0           0           1          -1          -1

 Coordinate is

           7           5

 Direction is

           2
          -1          -1           0           0           0          -1          -1
          -1          -1           0           0           0          -1          -1
           0           0           0           0           0           0           0
           0           0           0           0           0           0           0
           0           0           0           0           1           1           0
          -1          -1           0           1           0          -1          -1
          -1          -1           0           0           0          -1          -1

 Coordinate is

           5           6

 Direction is

           4
          -1          -1           0           0           0          -1          -1
          -1          -1           0           0           0          -1          -1
           0           0           0           0           0           0           0
           0           0           0           0           0           0           0
           0           0           0           1           0           0           0
          -1          -1           0           1           0          -1          -1
          -1          -1           0           0           0          -1          -1

 Coordinate is

           6           4

 Direction is

           2
          -1          -1           0           0           0          -1          -1
          -1          -1           0           0           0          -1          -1
           0           0           0           0           0           0           0
           0           0           0           1           0           0           0
           0           0           0           0           0           0           0
          -1          -1           0           0           0          -1          -1
          -1          -1           0           0           0          -1          -1

 visualisation time=   0.0000000     Sec

 computational time=  0.71875000     Sec

 Solution Found


          -1          -1           0           0           0          -1          -1

          -1          -1           0           0           0          -1          -1

           0           0           0           0           0           0           0

           0           0           0           1           0           0           0

           0           0           0           0           0           0           0

          -1          -1           0           0           0          -1          -1

          -1          -1           0           0           0          -1          -1

 Coordinate is

           2           4

 Direction is

           3
          -1          -1           1           1           1          -1          -1
          -1          -1           1           0           1          -1          -1
           1           1           1           0           1           1           1
           1           1           1           1           1           1           1
           1           1           1           1           1           1           1
          -1          -1           1           1           1          -1          -1
          -1          -1           1           1           1          -1          -1

 Coordinate is

           3           2

 Direction is

           1
          -1          -1           1           1           1          -1          -1
          -1          -1           1           0           1          -1          -1
           1           0           0           1           1           1           1
           1           1           1           1           1           1           1
           1           1           1           1           1           1           1
          -1          -1           1           1           1          -1          -1
          -1          -1           1           1           1          -1          -1

 Coordinate is

           1           3

 Direction is

           3
          -1          -1           0           1           1          -1          -1
          -1          -1           0           0           1          -1          -1
           1           0           1           1           1           1           1
           1           1           1           1           1           1           1
           1           1           1           1           1           1           1
          -1          -1           1           1           1          -1          -1
          -1          -1           1           1           1          -1          -1

 Coordinate is

           1           5

 Direction is

           4
          -1          -1           1           0           0          -1          -1
          -1          -1           0           0           1          -1          -1
           1           0           1           1           1           1           1
           1           1           1           1           1           1           1
           1           1           1           1           1           1           1
          -1          -1           1           1           1          -1          -1
          -1          -1           1           1           1          -1          -1

 Coordinate is

           3           4

 Direction is

           4
          -1          -1           1           0           0          -1          -1
          -1          -1           0           0           1          -1          -1
           1           1           0           0           1           1           1
           1           1           1           1           1           1           1
           1           1           1           1           1           1           1
          -1          -1           1           1           1          -1          -1
          -1          -1           1           1           1          -1          -1

 Coordinate is

           3           1

 Direction is

           1
          -1          -1           1           0           0          -1          -1
          -1          -1           0           0           1          -1          -1
           0           0           1           0           1           1           1
           1           1           1           1           1           1           1
           1           1           1           1           1           1           1
          -1          -1           1           1           1          -1          -1
          -1          -1           1           1           1          -1          -1

 Coordinate is

           3           5

 Direction is

           2
          -1          -1           1           0           1          -1          -1
          -1          -1           0           0           0          -1          -1
           0           0           1           0           0           1           1
           1           1           1           1           1           1           1
           1           1           1           1           1           1           1
          -1          -1           1           1           1          -1          -1
          -1          -1           1           1           1          -1          -1

 Coordinate is

           3           7

 Direction is

           4
          -1          -1           1           0           1          -1          -1
          -1          -1           0           0           0          -1          -1
           0           0           1           0           1           0           0
           1           1           1           1           1           1           1
           1           1           1           1           1           1           1
          -1          -1           1           1           1          -1          -1
          -1          -1           1           1           1          -1          -1

 Coordinate is

           4           3

 Direction is

           2
          -1          -1           1           0           1          -1          -1
          -1          -1           1           0           0          -1          -1
           0           0           0           0           1           0           0
           1           1           0           1           1           1           1
           1           1           1           1           1           1           1
          -1          -1           1           1           1          -1          -1
          -1          -1           1           1           1          -1          -1

 Coordinate is

           1           3

 Direction is

           3
          -1          -1           0           0           1          -1          -1
          -1          -1           0           0           0          -1          -1
           0           0           1           0           1           0           0
           1           1           0           1           1           1           1
           1           1           1           1           1           1           1
          -1          -1           1           1           1          -1          -1
          -1          -1           1           1           1          -1          -1

 Coordinate is

           4           1

 Direction is

           1
          -1          -1           0           0           1          -1          -1
          -1          -1           0           0           0          -1          -1
           0           0           1           0           1           0           0
           0           0           1           1           1           1           1
           1           1           1           1           1           1           1
          -1          -1           1           1           1          -1          -1
          -1          -1           1           1           1          -1          -1

 Coordinate is

           4           3

 Direction is

           2
          -1          -1           0           0           1          -1          -1
          -1          -1           1           0           0          -1          -1
           0           0           0           0           1           0           0
           0           0           0           1           1           1           1
           1           1           1           1           1           1           1
          -1          -1           1           1           1          -1          -1
          -1          -1           1           1           1          -1          -1

 Coordinate is

           4           5

 Direction is

           2
          -1          -1           0           0           1          -1          -1
          -1          -1           1           0           1          -1          -1
           0           0           0           0           0           0           0
           0           0           0           1           0           1           1
           1           1           1           1           1           1           1
          -1          -1           1           1           1          -1          -1
          -1          -1           1           1           1          -1          -1

 Coordinate is

           1           5

 Direction is

           3
          -1          -1           0           0           0          -1          -1
          -1          -1           1           0           0          -1          -1
           0           0           0           0           1           0           0
           0           0           0           1           0           1           1
           1           1           1           1           1           1           1
          -1          -1           1           1           1          -1          -1
          -1          -1           1           1           1          -1          -1

 Coordinate is

           4           7

 Direction is

           4
          -1          -1           0           0           0          -1          -1
          -1          -1           1           0           0          -1          -1
           0           0           0           0           1           0           0
           0           0           0           1           1           0           0
           1           1           1           1           1           1           1
          -1          -1           1           1           1          -1          -1
          -1          -1           1           1           1          -1          -1

 Coordinate is

           4           5

 Direction is

           2
          -1          -1           0           0           0          -1          -1
          -1          -1           1           0           1          -1          -1
           0           0           0           0           0           0           0
           0           0           0           1           0           0           0
           1           1           1           1           1           1           1
          -1          -1           1           1           1          -1          -1
          -1          -1           1           1           1          -1          -1

 Coordinate is

           6           3

 Direction is

           2
          -1          -1           0           0           0          -1          -1
          -1          -1           1           0           1          -1          -1
           0           0           0           0           0           0           0
           0           0           1           1           0           0           0
           1           1           0           1           1           1           1
          -1          -1           0           1           1          -1          -1
          -1          -1           1           1           1          -1          -1

 Coordinate is

           5           1

 Direction is

           1
          -1          -1           0           0           0          -1          -1
          -1          -1           1           0           1          -1          -1
           0           0           0           0           0           0           0
           0           0           1           1           0           0           0
           0           0           1           1           1           1           1
          -1          -1           0           1           1          -1          -1
          -1          -1           1           1           1          -1          -1

 Coordinate is

           5           3

 Direction is

           2
          -1          -1           0           0           0          -1          -1
          -1          -1           1           0           1          -1          -1
           0           0           1           0           0           0           0
           0           0           0           1           0           0           0
           0           0           0           1           1           1           1
          -1          -1           0           1           1          -1          -1
          -1          -1           1           1           1          -1          -1

 Coordinate is

           2           3

 Direction is

           3
          -1          -1           0           0           0          -1          -1
          -1          -1           0           0           1          -1          -1
           0           0           0           0           0           0           0
           0           0           1           1           0           0           0
           0           0           0           1           1           1           1
          -1          -1           0           1           1          -1          -1
          -1          -1           1           1           1          -1          -1

 Coordinate is

           4           3

 Direction is

           1
          -1          -1           0           0           0          -1          -1
          -1          -1           0           0           1          -1          -1
           0           0           0           0           0           0           0
           0           0           0           0           1           0           0
           0           0           0           1           1           1           1
          -1          -1           0           1           1          -1          -1
          -1          -1           1           1           1          -1          -1

 Coordinate is

           5           5

 Direction is

           2
          -1          -1           0           0           0          -1          -1
          -1          -1           0           0           1          -1          -1
           0           0           0           0           1           0           0
           0           0           0           0           0           0           0
           0           0           0           1           0           1           1
          -1          -1           0           1           1          -1          -1
          -1          -1           1           1           1          -1          -1

 Coordinate is

           2           5

 Direction is

           3
          -1          -1           0           0           0          -1          -1
          -1          -1           0           0           0          -1          -1
           0           0           0           0           0           0           0
           0           0           0           0           1           0           0
           0           0           0           1           0           1           1
          -1          -1           0           1           1          -1          -1
          -1          -1           1           1           1          -1          -1

 Coordinate is

           7           5

 Direction is

           2
          -1          -1           0           0           0          -1          -1
          -1          -1           0           0           0          -1          -1
           0           0           0           0           0           0           0
           0           0           0           0           1           0           0
           0           0           0           1           1           1           1
          -1          -1           0           1           0          -1          -1
          -1          -1           1           1           0          -1          -1

 Coordinate is

           4           5

 Direction is

           3
          -1          -1           0           0           0          -1          -1
          -1          -1           0           0           0          -1          -1
           0           0           0           0           0           0           0
           0           0           0           0           0           0           0
           0           0           0           1           0           1           1
          -1          -1           0           1           1          -1          -1
          -1          -1           1           1           0          -1          -1

 Coordinate is

           5           7

 Direction is

           4
          -1          -1           0           0           0          -1          -1
          -1          -1           0           0           0          -1          -1
           0           0           0           0           0           0           0
           0           0           0           0           0           0           0
           0           0           0           1           1           0           0
          -1          -1           0           1           1          -1          -1
          -1          -1           1           1           0          -1          -1

 Coordinate is

           7           3

 Direction is

           1
          -1          -1           0           0           0          -1          -1
          -1          -1           0           0           0          -1          -1
           0           0           0           0           0           0           0
           0           0           0           0           0           0           0
           0           0           0           1           1           0           0
          -1          -1           0           1           1          -1          -1
          -1          -1           0           0           1          -1          -1

 Coordinate is

           5           4

 Direction is

           1
          -1          -1           0           0           0          -1          -1
          -1          -1           0           0           0          -1          -1
           0           0           0           0           0           0           0
           0           0           0           0           0           0           0
           0           0           0           0           0           1           0
          -1          -1           0           1           1          -1          -1
          -1          -1           0           0           1          -1          -1

 Coordinate is

           7           5

 Direction is

           2
          -1          -1           0           0           0          -1          -1
          -1          -1           0           0           0          -1          -1
           0           0           0           0           0           0           0
           0           0           0           0           0           0           0
           0           0           0           0           1           1           0
          -1          -1           0           1           0          -1          -1
          -1          -1           0           0           0          -1          -1

 Coordinate is

           5           6

 Direction is

           4
          -1          -1           0           0           0          -1          -1
          -1          -1           0           0           0          -1          -1
           0           0           0           0           0           0           0
           0           0           0           0           0           0           0
           0           0           0           1           0           0           0
          -1          -1           0           1           0          -1          -1
          -1          -1           0           0           0          -1          -1

 Coordinate is

           6           4

 Direction is

           2
          -1          -1           0           0           0          -1          -1
          -1          -1           0           0           0          -1          -1
           0           0           0           0           0           0           0
           0           0           0           1           0           0           0
           0           0           0           0           0           0           0
          -1          -1           0           0           0          -1          -1
          -1          -1           0           0           0          -1          -1

 visualisation time=   0.0000000     Sec
